1 807
2 249
3 73
4 658
5 930
6 272
7 544
8 878
9 923
10 709
11 440
12 165
13 492
14 42
15 987
16 503
17 327
18 729
19 840
20 612
21 303
22 169
23 709
24 157
25 560
26 933
27 99
28 278
29 816
30 335
31 97
32 826
33 512
34 267
35 810
36 633
37 979
38 149
39 579
40 821
41 967
42 672
43 393
44 336
45 485
46 745
47 228
48 91
49 194
50 357
51 1
52 153
53 708
54 944
55 668
56 490
57 124
58 196
59 530
60 903
61 722
62 666
63 549
64 24
65 801
66 853
67 977
68 408
69 228
70 933
71 298
72 981
73 635
74 13
75 865
76 814
77 63
78 536
79 425
80 669
81 115
82 94
83 629
84 501
85 517
86 195
87 105
88 404
89 451
90 298
91 188
92 123
93 505
94 882
95 752
96 566
97 716
98 337
99 438
100 144
101 501
102 897
103 871
104 828
105 137
106 358
107 177
108 397
109 294
110 904
111 609
112 231
113 745
114 175
115 635
116 298
117 142
118 399
119 968
120 412
121 260
122 557
123 594
124 8
125 395
126 968
127 113
128 530
129 6
130 962
131 942
132 365
133 82
134 852
135 767
136 821
137 695
138 712
139 671
140 901
141 590
142 831
143 738
144 57
145 616
146 790
147 640
148 679
149 335
150 6
151 972
152 98
153 95
154 319
155 454
156 223
157 289
158 760
159 905
160 126
161 123
162 506
163 813
164 770
165 238
166 94
167 220
168 844
169 366
170 534
171 226
172 394
173 363
174 738
175 844
176 590
177 550
178 159
179 623
180 947
181 385
182 217
183 272
184 539
185 247
186 385
187 496
188 885
189 623
190 420
191 144
192 968
193 735
194 915
195 625
196 534
197 42
198 11
199 679
200 152
201 244
202 295
203 818
204 396
205 692
206 815
207 991
208 33
209 669
210 397
211 553
212 547
213 825
214 210
215 662
216 211
217 808
218 377
219 761
220 625
221 335
222 868
223 995
224 776
225 767
226 439
227 874
228 331
229 556
230 301
231 872
232 560
233 94